Parameters:
case: nd2
episodes: 512
buffer_capacity: 10000
batch_size: 16
per_alpha: 0.0
per_beta: 0.7
n_step: 1
gamma: 0.99
gat_n_layers: 3
gat_hidden_size: 32
gat_heads: 4
mlp_hidden_size: 32
sigma_0: 0.5
min_epsilon: 0.1
adam_lr: 0.001
tau: 0.001
apr: 0.0
patience: 1000000.0
steps_per_train: 16
duel: True
double: True
noisy: True

Summary of all trials recorded by .csv files in this directory


     R_lt   R_f  N_fc  N_f   R_l  N_fc_l  N_f_l  N_fc_ls  N_f_ls  N_fc_id  N_fc_l_id  N_fc_ls_id seed
49.023107 37.10   153  205 42.17     191    220      206     244      112        146         163   19
48.755788 48.12   206  242 42.57     187    221      205     244      160        148         163   15
48.929463 47.87   201  240 48.14     213    240      212     245      154        173         173    4
48.308254 42.14   183  216 42.67     183    218      205     243      146        142         162   11
49.237336 31.33   117  186 45.79     199    236      213     243       90        152         169    2
48.636446 46.69   192  237 24.81      89    167      208     242      149         65         169   14
49.469345 43.85   193  219 41.72     183    212      217     242      156        147         172   23
49.491130 47.45   206  240 48.98     213    242      212     245      171        173         175    3
48.138794 41.92   178  214 37.46     148    200      215     239      144        120         179   16
48.625200 40.63   167  223 47.05     210    239      210     242      126        165         167    6
49.202344 34.11   148  190 49.09     211    243      211     243      111        172         171    5
48.360540 46.84   205  239 38.04     157    211      206     241      163        125         163   24
49.074646 47.17   196  242 42.47     180    219      208     245      161        144         166   10
48.712828 43.91   189  219 41.79     193    222      217     242      153        159         174   12
49.187538 47.31   202  238 46.60     201    234      208     242      156        158         168   17
48.830161 43.71   196  222 42.55     179    217      209     241      153        140         168    7
48.144003 45.67   198  237 47.59     209    242      208     243      152        154         157   21
49.126785 40.66   173  219 47.30     207    242      209     245      138        174         175   18
48.979001 47.14   205  239 46.89     207    236      213     244      160        156         169   22
48.794007 37.48   154  207 38.00     158    212      212     241      117        124         168    1
48.348750 43.41   187  219 42.37     194    222      213     243      153        151         166   13
49.106428 48.20   214  243 47.16     205    240      214     242      168        168         175    0
49.103115 48.97   205  241 43.20     193    220      212     242      155        154         174    9
48.864502 47.18   195  239 43.80     192    221      209     245      151        152         162    8
48.599140 47.53   208  241 38.24     158    206      209     240      166        125         166   20

Largest ep reward during training
48.84 +- 0.76
Ep reward from deployment of the final agent
43.86 +- 9.46
Fraction of N lev match with human 
186.84 +- 46.65
Ep reward from deployment of the agent that achieved largest ep reward during training
43.06 +- 10.39
N lev match with human 
186.40 +- 55.39
N lev match with human for the final state with the largest ep reward during training
210.44 +- 6.83
